tests/201801161500_aqi.asc
NCOLS          125       
NROWS          76        
XLLCORNER      72.75     
YLLCORNER      16.75     
CELLSIZE       0.50      
NODATA_VALUE   -9999.00   
[rows 31 to 61 of 76, columns 0 to 69 of 125]
-9999.00 -246.94 148.84 150.70 152.49 154.11 155.03 154.61 153.69 152.68 151.63 150.52 149.24 147.65 145.62 143.08 140.13 136.91 133.59 130.29 127.07 124.00 121.07 118.31 115.70 113.24 110.91 108.72 106.63 104.66 102.78 101.00 99.32 97.75 96.29 94.96 93.77 92.72 91.84 91.12 90.59 90.24 90.09 90.14 90.40 90.87 91.57 92.51 93.72 95.28 97.30 100.05 103.63 107.82 112.45 117.60 124.37 131.07 136.57 138.23 135.97 131.77 126.90 122.08 117.66 113.92 112.10 112.46 114.12 116.31
-9999.00 -246.76 -248.59 -250.35 151.95 153.25 153.99 154.03 153.61 152.98 152.29 151.52 150.60 149.31 147.39 144.73 141.51 138.00 134.43 130.90 127.50 124.25 121.17 118.26 115.52 112.93 110.49 108.18 106.00 103.94 101.99 100.16 98.44 96.84 95.36 94.02 92.82 91.77 90.88 90.16 89.62 89.27 89.12 89.16 89.42 89.89 90.59 91.56 92.84 94.53 96.73 99.56 103.09 107.25 112.07 117.79 124.77 132.47 140.34 142.41 138.85 133.23 127.47 122.23 117.71 114.11 112.25 113.35 115.96 118.99
-9999.00 -9999.00 -9999.00 -249.51 150.92 152.02 152.71 152.97 152.89 152.63 152.28 151.92 151.46 150.66 148.97 146.07 142.43 138.57 134.73 131.01 127.46 124.08 120.89 117.87 115.03 112.35 109.81 107.43 105.17 103.05 101.04 99.16 97.41 95.78 94.28 92.92 91.71 90.66 89.77 89.05 88.50 88.15 87.99 88.02 88.27 88.73 89.44 90.41 91.70 93.43 95.69 98.52 101.95 106.01 110.79 116.48 123.19 130.63 137.81 142.71 138.86 132.33 126.42 121.37 117.37 114.68 113.70 115.24 118.44 122.28
-9999.00 -9999.00 -246.86 -248.31 -249.55 150.51 151.17 151.53 151.65 151.63 151.56 151.53 151.55 151.50 150.37 146.81 142.59 138.41 134.39 130.56 126.92 123.47 120.21 117.14 114.23 111.49 108.90 106.45 104.14 101.97 99.92 98.00 96.22 94.56 93.05 91.68 90.46 89.40 88.50 87.77 87.23 86.86 86.69 86.72 86.96 87.41 88.10 89.05 90.29 91.96 94.22 96.94 100.16 103.93 108.33 113.46 119.44 125.94 131.73 135.02 133.15 128.33 123.43 119.30 116.30 114.80 115.13 117.42 121.30 126.08
-9999.00 -9999.00 -245.51 -246.81 -247.90 148.75 149.34 149.72 149.92 150.01 150.07 150.17 150.37 150.71 150.35 146.01 141.58 137.35 133.31 129.48 125.85 122.40 119.14 116.05 113.13 110.36 107.73 105.25 102.91 100.70 98.62 96.68 94.87 93.20 91.67 90.29 89.06 87.99 87.08 86.35 85.80 85.43 85.25 85.26 85.48 85.92 86.59 87.51 88.71 90.31 92.39 94.88 97.79 101.11 104.89 109.14 114.06 119.76 124.09 125.94 125.08 122.26 118.89 116.13 114.47 114.34 115.92 119.25 124.19 130.21
-9999.00 -9999.00 -9999.00 -9999.00 -246.01 -246.74 147.24 147.57 147.74 147.81 147.82 147.81 147.76 147.47 146.12 143.07 139.25 135.33 131.49 127.80 124.27 120.90 117.69 114.63 111.73 108.96 106.33 103.84 101.48 99.25 97.16 95.19 93.37 91.68 90.14 88.75 87.51 86.43 85.52 84.78 84.22 83.84 83.64 83.65 83.85 84.26 84.90 85.77 86.93 88.41 90.25 92.44 94.96 97.78 100.86 104.22 108.42 112.97 116.08 117.24 116.94 115.62 113.68 112.42 112.35 113.51 116.10 120.57 126.95 134.54
-9999.00 -9999.00 -9999.00 -9999.00 -9999.00 -244.51 -244.89 145.10 145.17 145.11 144.94 144.66 144.21 143.36 141.74 139.19 135.99 132.52 129.02 125.57 122.22 118.99 115.89 112.91 110.05 107.32 104.71 102.23 99.87 97.63 95.53 93.55 91.71 90.02 88.47 87.06 85.82 84.73 83.81 83.07 82.49 82.10 81.90 81.88 82.06 82.44 83.03 83.85 84.91 86.23 87.84 89.71 91.84 94.18 96.70 99.40 102.65 105.80 107.99 109.04 109.12 109.09 108.90 108.77 110.08 112.56 116.08 121.69 129.73 138.96
-9999.00 -9999.00 -9999.00 -9999.00 -9999.00 -9999.00 -242.33 -242.38 -242.28 142.02 141.61 141.02 140.20 139.01 137.28 134.98 132.21 129.19 126.05 122.90 119.79 116.74 113.78 110.91 108.13 105.46 102.89 100.43 98.08 95.85 93.74 91.76 89.92 88.22 86.66 85.25 84.00 82.90 81.98 81.22 80.64 80.23 80.01 79.97 80.13 80.47 81.01 81.74 82.69 83.84 85.20 86.77 88.53 90.46 92.54 94.78 97.15 99.29 100.69 101.85 102.20 103.11 104.31 105.45 108.12 111.95 116.98 123.76 133.15 144.23
-9999.00 -9999.00 -9999.00 -9999.00 -9999.00 -9999.00 -9999.00 -9999.00 -239.16 -238.68 -238.00 137.11 135.98 134.55 132.76 130.62 128.17 125.52 122.75 119.91 117.06 114.22 111.43 108.68 106.01 103.40 100.89 98.46 96.14 93.92 91.82 89.84 87.99 86.28 84.72 83.30 82.05 80.95 80.02 79.25 78.66 78.24 78.00 77.94 78.06 78.36 78.84 79.50 80.31 81.29 82.42 83.70 85.13 86.69 88.36 90.16 92.01 93.68 95.03 96.13 97.12 98.79 100.82 103.32 106.86 111.64 118.09 126.61 137.27 150.53
-9999.00 -9999.00 -9999.00 -9999.00 -9999.00 -9999.00 -9999.00 -9999.00 -9999.00 -9999.00 -234.24 -233.07 131.67 130.04 128.20 126.18 124.00 121.68 119.24 116.71 114.12 111.51 108.89 106.29 103.72 101.20 98.74 96.36 94.06 91.86 89.77 87.79 85.94 84.23 82.66 81.25 79.98 78.88 77.94 77.17 76.56 76.12 75.86 75.78 75.87 76.14 76.56 77.14 77.83 78.63 79.54 80.56 81.69 82.93 84.24 85.70 87.25 88.73 90.13 91.52 93.14 95.26 97.95 101.35 105.81 111.54 119.15 129.40 140.60 155.37
-9999.00 -9999.00 -9999.00 -9999.00 -9999.00 -9999.00 -9999.00 -9999.00 -9999.00 -9999.00 -9999.00 -229.02 127.35 125.53 123.62 121.70 119.76 117.76 115.64 113.41 111.08 108.68 106.23 103.77 101.31 98.88 96.48 94.15 91.88 89.70 87.61 85.64 83.79 82.08 80.50 79.08 77.82 76.71 75.77 74.98 74.36 73.91 73.62 73.51 73.57 73.80 74.19 74.70 75.30 75.92 76.61 77.39 78.27 79.25 80.32 81.51 82.82 84.21 85.70 87.39 89.46 92.05 95.28 99.34 104.68 111.90 121.28 132.86 145.44 159.84
-9999.00 -9999.00 -9999.00 -9999.00 -9999.00 -9999.00 -9999.00 -9999.00 -9999.00 -9999.00 -9999.00 -225.05 123.13 121.05 119.02 117.21 115.57 113.89 112.07 110.11 108.01 105.80 103.52 101.19 98.83 96.48 94.15 91.85 89.61 87.44 85.37 83.40 81.54 79.83 78.25 76.83 75.56 74.45 73.50 72.71 72.08 71.60 71.30 71.15 71.18 71.37 71.72 72.21 72.74 73.18 73.65 74.21 74.88 75.65 76.52 77.51 78.64 79.94 81.50 83.43 85.86 88.90 92.63 97.15 102.93 111.59 122.58 135.89 150.13 162.55
-9999.00 -9999.00 -9999.00 -9999.00 -9999.00 -9999.00 -9999.00 -9999.00 -9999.00 -9999.00 -223.19 -221.30 -219.13 116.74 114.43 112.81 111.56 110.20 108.65 106.90 104.99 102.94 100.80 98.58 96.32 94.04 91.76 89.50 87.29 85.13 83.06 81.08 79.22 77.50 75.92 74.50 73.23 72.13 71.18 70.37 69.72 69.23 68.89 68.72 68.71 68.85 69.15 69.60 70.20 70.35 70.64 71.05 71.56 72.16 72.85 73.66 74.63 75.82 77.38 79.48 82.23 85.70 89.95 95.06 101.46 110.20 121.53 135.75 151.88 161.32
-9999.00 -9999.00 -9999.00 -9999.00 -9999.00 -9999.00 -9999.00 -9999.00 -9999.00 -9999.00 -219.88 117.87 -215.56 112.96 110.07 108.92 108.01 106.85 105.46 103.86 102.08 100.16 98.13 96.00 93.82 91.60 89.36 87.13 84.93 82.78 80.70 78.72 76.85 75.11 73.53 72.10 70.84 69.74 68.80 67.99 67.32 66.81 66.45 66.24 66.18 66.26 66.47 66.78 67.12 67.35 67.60 67.92 68.32 68.78 69.32 69.97 70.77 71.80 73.24 75.43 78.47 82.32 87.08 92.78 99.50 107.51 117.73 131.03 144.44 155.57
-9999.00 -9999.00 -9999.00 -9999.00 -9999.00 -9999.00 -9999.00 -9999.00 -9999.00 -9999.00 -216.86 -214.83 112.56 110.12 107.81 106.26 105.13 103.93 102.57 101.03 99.33 97.49 95.54 93.48 91.36 89.18 86.98 84.76 82.57 80.41 78.32 76.32 74.44 72.69 71.09 69.66 68.40 67.33 66.40 65.59 64.90 64.36 63.97 63.74 63.64 63.66 63.77 63.94 64.12 64.34 64.60 64.89 65.21 65.56 65.98 66.48 67.11 67.96 69.11 71.32 74.54 78.60 83.74 90.00 96.81 104.28 113.56 124.62 136.88 148.63
-9999.00 -9999.00 -9999.00 -9999.00 -9999.00 -9999.00 -9999.00 -9999.00 -9999.00 -9999.00 -9999.00 -212.14 110.01 107.82 105.80 104.13 102.73 101.38 99.96 98.43 96.75 94.96 93.05 91.04 88.96 86.82 84.63 82.43 80.24 78.06 75.95 73.92 72.01 70.24 68.63 67.18 65.92 64.87 64.01 63.16 62.46 61.91 61.51 61.26 61.14 61.13 61.16 61.21 61.26 61.46 61.75 62.03 62.29 62.56 62.86 63.22 63.72 64.45 65.58 67.57 70.51 74.37 79.51 86.30 93.14 99.91 108.46 118.63 130.44 142.35
-9999.00 -9999.00 -9999.00 -9999.00 -9999.00 -9999.00 -9999.00 -9999.00 -9999.00 -9999.00 -9999.00 -209.72 -207.73 -205.72 103.82 102.11 100.57 99.09 97.59 96.02 94.35 92.56 90.68 88.71 86.65 84.53 82.36 80.17 77.96 75.76 73.61 71.55 69.61 67.82 66.18 64.71 63.43 62.36 61.48 60.71 60.05 59.51 59.10 58.85 58.74 58.72 58.74 58.74 58.70 58.89 59.19 59.42 59.62 59.80 59.99 60.24 60.61 61.22 62.26 63.96 66.42 69.69 74.15 80.32 87.05 93.93 102.15 111.91 123.04 134.23
-9999.00 -9999.00 -9999.00 -9999.00 -9999.00 -9999.00 -9999.00 -9999.00 -9999.00 -9999.00 -9999.00 -9999.00 -205.60 -203.71 -201.89 100.17 98.55 96.98 95.40 93.79 92.09 90.31 88.44 86.48 84.45 82.35 80.19 77.99 75.77 73.54 71.34 69.22 67.25 65.45 63.81 62.30 60.97 59.88 59.04 58.34 57.74 57.21 56.79 56.53 56.48 56.51 56.57 56.60 56.65 56.77 56.95 57.12 57.24 57.33 57.42 57.55 57.78 58.22 59.03 60.43 62.45 65.19 68.80 74.36 80.62 87.12 94.89 103.90 113.94 123.76
-9999.00 -9999.00 -9999.00 -9999.00 -9999.00 -9999.00 -9999.00 -9999.00 -9999.00 -9999.00 -9999.00 -9999.00 -9999.00 -9999.00 -199.99 -198.27 -196.61 -194.98 -193.35 91.69 89.98 88.19 86.32 84.38 82.36 80.28 78.13 75.94 73.70 71.44 69.19 66.99 64.98 63.22 61.61 60.06 58.61 57.52 56.76 56.17 55.64 55.13 54.64 54.36 54.44 54.56 54.67 54.76 54.83 54.93 55.03 55.11 55.15 55.16 55.16 55.18 55.27 55.51 56.03 57.22 58.81 61.21 64.69 69.49 74.78 80.78 87.66 95.56 104.80 113.97
-9999.00 -9999.00 -9999.00 -9999.00 -9999.00 -9999.00 -9999.00 -9999.00 -9999.00 -9999.00 -9999.00 -9999.00 -9999.00 -9999.00 -9999.00 -9999.00 -9999.00 -9999.00 -191.41 -189.72 -187.99 86.19 84.33 82.40 80.40 78.33 76.21 74.03 71.80 69.53 67.23 64.92 62.83 61.24 59.71 58.16 56.62 55.49 54.78 54.33 53.87 53.39 52.89 52.59 52.76 52.92 53.06 53.17 53.25 53.33 53.38 53.40 53.37 53.31 53.22 53.14 53.12 53.24 53.66 54.53 55.89 57.81 60.94 65.33 69.68 75.06 81.16 88.00 96.60 105.13
-9999.00 -9999.00 -9999.00 -9999.00 -9999.00 -9999.00 -9999.00 -9999.00 -9999.00 -9999.00 -9999.00 -9999.00 -9999.00 -9999.00 -9999.00 -9999.00 -9999.00 -9999.00 -9999.00 -9999.00 -186.11 -184.31 -182.46 80.54 78.57 76.53 74.43 72.28 70.09 67.85 65.59 63.31 61.26 59.70 58.21 56.74 55.34 54.16 53.38 52.91 52.48 52.05 51.68 51.47 51.49 51.61 51.73 51.83 51.92 51.98 52.00 51.98 51.90 51.77 51.62 51.46 51.33 51.33 51.59 52.29 53.51 55.36 58.11 61.73 65.71 70.27 75.90 82.36 89.74 97.42
-9999.00 -9999.00 -9999.00 -9999.00 -9999.00 -9999.00 -9999.00 -9999.00 -9999.00 -9999.00 -9999.00 -9999.00 -9999.00 -9999.00 -9999.00 -9999.00 -9999.00 -9999.00 -9999.00 -9999.00 -9999.00 -9999.00 -180.70 -178.81 76.86 74.85 72.80 70.70 68.56 66.41 64.25 62.15 60.24 58.59 57.09 55.68 54.39 53.30 52.48 51.90 51.43 51.03 50.72 50.54 50.50 50.55 50.64 50.73 50.81 50.86 50.87 50.83 50.72 50.55 50.35 50.13 49.90 49.74 49.81 50.35 51.50 53.24 55.63 58.63 62.19 66.39 71.42 77.20 83.76 90.82
-9999.00 -9999.00 -9999.00 -9999.00 -9999.00 -9999.00 -9999.00 -9999.00 -9999.00 -9999.00 -9999.00 -9999.00 -9999.00 -9999.00 -9999.00 -9999.00 -9999.00 -9999.00 -9999.00 -9999.00 -9999.00 -9999.00 -9999.00 -177.18 -175.27 -173.31 71.30 69.27 67.21 65.15 63.12 61.16 59.35 -157.71 -156.22 -154.86 53.65 52.61 51.78 51.13 50.63 50.23 49.94 49.75 49.68 -149.69 -149.75 -149.84 49.92 -149.97 -149.99 49.95 49.83 49.62 49.42 49.18 48.84 48.51 48.31 48.69 49.82 51.40 53.49 56.13 59.31 63.10 67.55 72.58 78.44 85.39
-9999.00 -9999.00 -9999.00 -9999.00 -9999.00 -9999.00 -9999.00 -9999.00 -9999.00 -9999.00 -9999.00 -9999.00 -9999.00 -9999.00 -9999.00 -9999.00 -9999.00 -9999.00 -9999.00 -9999.00 -9999.00 -9999.00 -9999.00 -9999.00 -9999.00 -171.88 -169.94 -167.97 -166.00 -164.04 -162.12 -160.27 -158.55 -156.96 -9999.00 -154.19 -153.03 -152.02 51.19 50.52 49.99 49.58 49.28 -149.09 -149.00 -148.99 -9999.00 -149.11 -149.20 -149.28 -149.33 -149.32 49.24 49.09 48.93 48.62 48.13 47.67 47.40 47.66 48.55 49.88 51.73 54.08 56.91 60.34 64.42 69.01 74.49 81.44
-9999.00 -9999.00 -9999.00 -9999.00 -9999.00 -9999.00 -9999.00 -9999.00 -9999.00 -9999.00 -9999.00 -9999.00 -9999.00 -9999.00 -9999.00 -9999.00 -9999.00 -9999.00 -9999.00 -9999.00 -9999.00 -9999.00 -9999.00 -9999.00 -9999.00 -9999.00 -9999.00 -9999.00 -9999.00 -9999.00 -9999.00 -9999.00 -9999.00 -9999.00 -9999.00 -9999.00 -9999.00 -151.51 -150.68 50.00 49.46 49.03 -148.73 -148.52 -9999.00 -9999.00 -9999.00 -9999.00 -9999.00 -9999.00 -9999.00 -148.89 48.87 48.80 48.75 48.32 47.63 47.11 46.84 46.99 47.66 48.79 50.41 52.51 55.11 58.31 62.15 66.66 72.33 79.02
-9999.00 -9999.00 -9999.00 -9999.00 -9999.00 -9999.00 -9999.00 -9999.00 -9999.00 -9999.00 -9999.00 -9999.00 -9999.00 -9999.00 -9999.00 -9999.00 -9999.00 -9999.00 -9999.00 -9999.00 -9999.00 -9999.00 -9999.00 -9999.00 -9999.00 -9999.00 -9999.00 -9999.00 -9999.00 -9999.00 -9999.00 -9999.00 -9999.00 -9999.00 -9999.00 -9999.00 -9999.00 -9999.00 -150.23 -149.55 -148.99 -148.56 -148.24 -9999.00 -9999.00 -9999.00 -9999.00 -9999.00 -9999.00 -9999.00 -9999.00 -148.58 48.59 48.50 48.29 47.78 47.10 46.60 46.30 46.40 46.97 48.00 49.48 51.42 53.91 57.02 60.73 65.24 71.10 77.87
-9999.00 -9999.00 -9999.00 -9999.00 -9999.00 -9999.00 -9999.00 -9999.00 -9999.00 -9999.00 -9999.00 -9999.00 -9999.00 -9999.00 -9999.00 -9999.00 -9999.00 -9999.00 -9999.00 -9999.00 -9999.00 -9999.00 -9999.00 -9999.00 -9999.00 -9999.00 -9999.00 -9999.00 -9999.00 -9999.00 -9999.00 -9999.00 -9999.00 -9999.00 -9999.00 -9999.00 -9999.00 -9999.00 -9999.00 -9999.00 -9999.00 -9999.00 -9999.00 -9999.00 -9999.00 -9999.00 -9999.00 -9999.00 -9999.00 -9999.00 -148.18 -148.36 48.39 48.18 47.75 47.13 46.45 45.92 45.68 45.81 46.38 47.41 48.84 50.72 53.23 56.44 60.39 65.37 71.30 78.06
-9999.00 -9999.00 -9999.00 -9999.00 -9999.00 -9999.00 -9999.00 -9999.00 -9999.00 -9999.00 -9999.00 -9999.00 -9999.00 -9999.00 -9999.00 -9999.00 -9999.00 -9999.00 -9999.00 -9999.00 -9999.00 -9999.00 -9999.00 -9999.00 -9999.00 -9999.00 -9999.00 -9999.00 -9999.00 -9999.00 -9999.00 -9999.00 -9999.00 -9999.00 -9999.00 -9999.00 -9999.00 -9999.00 -9999.00 -9999.00 -9999.00 -9999.00 -9999.00 -9999.00 -9999.00 -9999.00 -9999.00 -9999.00 -9999.00 -147.60 -147.89 48.15 48.25 47.90 47.25 46.50 45.75 45.20 45.01 45.21 45.83 46.92 48.37 50.20 52.79 56.35 60.71 65.90 71.94 78.78
-9999.00 -9999.00 -9999.00 -9999.00 -9999.00 -9999.00 -9999.00 -9999.00 -9999.00 -9999.00 -9999.00 -9999.00 -9999.00 -9999.00 -9999.00 -9999.00 -9999.00 -9999.00 -9999.00 -9999.00 -9999.00 -9999.00 -9999.00 -9999.00 -9999.00 -9999.00 -9999.00 -9999.00 -9999.00 -9999.00 -9999.00 -9999.00 -9999.00 -9999.00 -9999.00 -9999.00 -9999.00 -9999.00 -9999.00 -9999.00 -9999.00 -9999.00 -9999.00 -9999.00 -9999.00 -9999.00 -9999.00 -9999.00 -9999.00 -147.17 47.51 47.82 47.96 47.42 46.58 45.78 45.04 44.46 44.38 44.62 45.29 46.42 47.94 49.87 52.52 56.44 61.03 66.33 72.35 79.12
-9999.00 -9999.00 -9999.00 -9999.00 -9999.00 -9999.00 -9999.00 -9999.00 -9999.00 -9999.00 -9999.00 -9999.00 -9999.00 -9999.00 -9999.00 -9999.00 -9999.00 -9999.00 -9999.00 -9999.00 -9999.00 -9999.00 -9999.00 -9999.00 -9999.00 -9999.00 -9999.00 -9999.00 -9999.00 -9999.00 -9999.00 -9999.00 -9999.00 -9999.00 -9999.00 -9999.00 -9999.00 -9999.00 -9999.00 -9999.00 -9999.00 -9999.00 -9999.00 -9999.00 -9999.00 -9999.00 -9999.00 -9999.00 -9999.00 -146.63 46.94 47.29 47.07 46.50 45.74 45.01 44.39 43.97 43.87 44.12 44.82 46.00 47.65 49.84 52.77 56.58 61.15 66.39 72.22 78.69
-9999.00 -9999.00 -9999.00 -9999.00 -9999.00 -9999.00 -9999.00 -9999.00 -9999.00 -9999.00 -9999.00 -9999.00 -9999.00 -9999.00 -9999.00 -9999.00 -9999.00 -9999.00 -9999.00 -9999.00 -9999.00 -9999.00 -9999.00 -9999.00 -9999.00 -9999.00 -9999.00 -9999.00 -9999.00 -9999.00 -9999.00 -9999.00 -9999.00 -9999.00 -9999.00 -9999.00 -9999.00 -9999.00 -9999.00 -9999.00 -9999.00 -9999.00 -9999.00 -9999.00 -9999.00 -9999.00 -9999.00 -9999.00 -9999.00 -145.94 -146.13 46.23 45.99 45.48 44.83 44.23 43.75 43.47 43.44 43.72 44.40 45.60 47.38 49.75 52.76 56.47 60.89 65.97 71.35 77.27
