data/pm25new_aqi.asc
NCOLS          125       
NROWS          76        
XLLCORNER      72.75     
YLLCORNER      16.75     
CELLSIZE       0.50      
NODATA_VALUE   -999.00   
[rows 32 to 63 of 76, columns 0 to 72 of 125]
-999.00 -164.85 -165.86 -166.91 68.03 69.11 70.03 70.73 71.32 71.89 72.49 73.07 73.59 73.95 74.07 73.91 73.54 73.06 72.53 71.96 71.38 70.79 70.20 69.60 68.98 68.34 67.67 66.94 66.15 65.26 64.26 63.14 61.89 60.54 59.10 57.59 56.05 54.49 52.94 51.43 49.98 48.60 47.31 46.12 45.06 44.13 43.37 42.81 42.50 42.56 43.05 43.98 45.35 47.06 48.95 50.60 51.46 51.88 51.97 52.41 52.97 53.17 52.81 51.89 50.54 49.05 48.11 49.15 50.79 52.51 54.28 56.05 57.90
-999.00 -999.00 -999.00 -165.68 66.66 67.62 68.47 69.18 69.81 70.39 71.01 71.62 72.19 72.62 72.73 72.42 71.87 71.24 70.59 69.93 69.27 68.61 67.95 67.29 66.61 65.90 65.17 64.38 63.53 62.60 61.58 60.47 59.26 57.96 56.59 55.17 53.73 52.27 50.83 49.43 48.08 46.81 45.62 44.54 43.58 42.75 42.08 41.60 41.38 41.60 42.35 43.52 45.04 46.84 48.79 50.66 52.27 53.58 54.52 55.21 56.19 56.81 56.70 55.89 54.60 53.29 52.47 53.42 55.49 57.66 59.81 61.94 64.15
-999.00 -999.00 -999.00 -164.29 -165.16 66.00 66.77 67.45 68.06 68.64 69.25 69.88 70.52 71.10 71.29 70.72 69.94 69.16 68.42 67.70 66.98 66.28 65.58 64.87 64.15 63.40 62.61 61.79 60.90 59.95 58.92 57.81 56.63 55.38 54.08 52.73 51.37 50.01 48.67 47.36 46.12 44.94 43.86 42.88 42.02 41.30 40.73 40.34 40.15 40.40 41.46 42.82 44.46 46.34 48.42 50.64 53.01 55.42 57.36 58.77 60.02 60.92 61.07 60.34 59.05 57.98 57.68 58.67 60.74 63.19 65.67 68.10 70.64
-999.00 -999.00 -999.00 -162.78 -163.53 64.27 64.95 65.57 66.12 66.65 67.20 67.79 68.41 69.05 69.40 68.52 67.62 66.79 66.01 65.26 64.53 63.81 63.09 62.36 61.61 60.83 60.02 59.17 58.26 57.29 56.26 55.16 54.01 52.80 51.55 50.27 48.99 47.71 46.45 45.24 44.09 43.01 42.03 41.16 40.41 39.80 39.35 39.09 39.07 39.50 40.56 41.97 43.66 45.61 47.81 50.33 53.39 57.20 60.19 62.11 63.79 65.13 65.67 64.95 63.57 62.56 62.50 63.72 66.06 68.90 71.73 74.38 76.97
-999.00 -999.00 -999.00 -999.00 -161.81 -162.44 63.02 63.54 64.01 64.44 64.88 65.36 65.81 66.17 66.18 65.65 64.89 64.12 63.37 62.65 61.93 61.22 60.50 59.77 59.01 58.22 57.40 56.53 55.61 54.64 53.61 52.53 51.39 50.22 49.02 47.80 46.58 45.37 44.20 43.07 42.01 41.03 40.15 39.37 38.73 38.24 37.93 37.83 38.01 38.58 39.59 40.97 42.66 44.64 46.92 49.61 53.36 57.99 61.98 64.31 66.77 68.77 69.80 68.89 67.34 66.33 66.32 67.96 71.05 74.57 77.83 80.70 83.33
-999.00 -999.00 -999.00 -999.00 -999.00 -160.52 -160.99 61.40 61.75 62.06 62.35 62.65 62.89 63.01 62.88 62.46 61.86 61.20 60.53 59.87 59.21 58.53 57.83 57.11 56.37 55.58 54.75 53.88 52.96 51.99 50.97 49.90 48.79 47.65 46.49 45.32 44.15 43.01 41.91 40.87 39.89 39.00 38.21 37.54 37.00 36.62 36.43 36.47 36.79 37.44 38.45 39.80 41.47 43.45 45.79 48.64 52.42 56.73 60.83 64.62 68.39 70.93 71.55 70.90 69.75 68.96 69.15 71.36 75.51 80.03 83.71 86.79 89.82
-999.00 -999.00 -999.00 -999.00 -999.00 -999.00 -158.89 -159.17 -159.39 59.55 59.67 59.78 59.82 59.76 59.54 59.17 58.67 58.12 57.56 56.99 56.39 55.77 55.12 54.43 53.70 52.92 52.10 51.24 50.32 49.35 48.34 47.29 46.20 45.09 43.96 42.83 41.72 40.64 39.60 38.63 37.73 36.92 36.22 35.64 35.20 34.93 34.85 34.99 35.41 36.11 37.13 38.46 40.08 42.02 44.36 47.28 50.84 54.75 58.60 63.05 67.68 70.16 70.66 70.98 70.39 70.25 71.44 74.38 79.14 84.48 88.50 91.94 95.43
-999.00 -999.00 -999.00 -999.00 -999.00 -999.00 -999.00 -999.00 -156.97 -156.97 -156.90 56.82 56.68 56.47 56.18 55.82 55.40 54.96 54.51 54.04 53.53 52.98 52.38 51.73 51.03 50.27 49.47 48.61 47.70 46.74 45.74 44.70 43.63 42.54 41.44 40.35 39.28 38.25 37.28 36.37 35.55 34.82 34.20 33.70 33.35 33.16 33.17 33.39 33.87 34.63 35.66 36.96 38.52 40.36 42.54 45.36 48.79 52.47 56.25 60.09 63.64 66.42 67.78 68.52 68.97 69.87 72.12 76.18 81.56 86.88 91.31 95.49 99.60
-999.00 -999.00 -999.00 -999.00 -999.00 -999.00 -999.00 -999.00 -999.00 -999.00 -154.12 -153.84 53.52 53.17 52.80 52.44 52.10 51.78 51.44 51.08 50.67 50.19 49.65 49.04 48.37 47.65 46.86 46.01 45.11 44.17 43.17 42.15 41.09 40.02 38.95 37.88 36.85 35.87 34.94 34.10 33.34 32.69 32.14 31.72 31.44 31.33 31.40 31.68 32.22 33.01 34.07 35.37 36.89 38.61 40.53 43.17 46.53 49.97 53.42 56.76 59.81 62.30 63.99 65.19 66.36 68.05 71.00 76.12 82.45 87.97 91.99 96.70 101.64
-999.00 -999.00 -999.00 -999.00 -999.00 -999.00 -999.00 -999.00 -999.00 -999.00 -999.00 -150.89 50.39 49.87 49.41 49.06 48.82 48.62 48.41 48.16 47.85 47.44 46.96 46.40 45.77 45.06 44.29 43.46 42.58 41.64 40.65 39.63 38.59 37.53 36.48 35.44 34.43 33.49 32.61 31.82 31.13 30.54 30.07 29.72 29.51 29.44 29.56 29.89 30.46 31.30 32.40 33.73 35.25 36.97 38.93 41.39 44.32 47.39 50.45 53.40 56.08 58.32 60.06 61.45 63.07 65.57 69.21 74.33 80.26 85.55 89.76 94.18 98.44
-999.00 -999.00 -999.00 -999.00 -999.00 -999.00 -999.00 -999.00 -999.00 -999.00 -999.00 -148.05 47.34 46.61 46.02 45.71 45.61 45.57 45.49 45.34 45.11 44.78 44.35 43.83 43.23 42.55 41.79 40.98 40.10 39.17 38.19 37.18 36.14 35.09 34.05 33.02 32.04 31.12 30.28 29.55 28.92 28.41 28.00 27.72 27.56 27.54 27.69 28.03 28.63 29.53 30.70 32.08 33.65 35.41 37.39 39.66 42.19 44.84 47.51 50.12 52.55 54.65 56.35 57.74 59.31 62.62 66.66 71.35 76.34 81.17 85.30 88.89 91.97
-999.00 -999.00 -999.00 -999.00 -999.00 -999.00 -999.00 -999.00 -999.00 -999.00 -146.24 -145.40 -144.48 43.49 42.64 42.43 42.58 42.71 42.74 42.68 42.51 42.23 41.84 41.35 40.77 40.11 39.37 38.56 37.69 36.77 35.79 34.79 33.76 32.71 31.68 30.66 29.68 28.78 27.98 27.30 26.74 26.30 25.97 25.74 25.63 25.65 25.82 26.17 26.74 27.75 29.00 30.45 32.08 33.86 35.81 37.91 40.13 42.40 44.71 47.06 49.36 51.41 53.18 54.78 56.73 59.84 63.69 68.01 72.31 76.64 80.17 82.77 84.74
-999.00 -999.00 -999.00 -999.00 -999.00 -999.00 -999.00 -999.00 -999.00 -999.00 -143.96 43.02 -141.97 40.80 39.46 39.57 39.94 40.15 40.24 40.21 40.07 39.82 39.45 38.98 38.42 37.77 37.04 36.24 35.37 34.45 33.48 32.48 31.45 30.41 29.37 28.36 27.38 26.48 25.70 25.08 24.61 24.25 23.98 23.81 23.75 23.80 23.99 24.37 25.01 26.02 27.33 28.86 30.55 32.37 34.28 36.26 38.25 40.19 42.12 44.32 46.65 48.74 50.58 52.42 54.66 57.45 60.83 65.03 69.02 72.65 75.47 77.32 78.51
-999.00 -999.00 -999.00 -999.00 -999.00 -999.00 -999.00 -999.00 -999.00 -999.00 -141.91 -140.96 39.91 38.85 37.95 37.71 37.84 37.97 38.01 37.96 37.81 37.56 37.20 36.74 36.18 35.54 34.82 34.02 33.15 32.23 31.27 30.26 29.24 28.20 27.17 26.15 25.17 24.25 23.46 22.92 22.56 22.28 22.09 21.98 21.96 22.04 22.25 22.62 23.26 24.31 25.72 27.35 29.12 30.98 32.89 34.82 36.70 38.45 39.94 42.15 44.70 46.74 48.49 50.35 52.77 55.75 59.11 62.67 66.18 69.33 71.54 73.03 74.35
-999.00 -999.00 -999.00 -999.00 -999.00 -999.00 -999.00 -999.00 -999.00 -999.00 -999.00 -139.18 38.22 37.34 36.64 36.27 36.15 36.11 36.05 35.93 35.74 35.47 35.10 34.63 34.08 33.43 32.71 31.91 31.05 30.12 29.15 28.15 27.13 26.10 25.07 24.06 23.09 22.17 21.30 20.93 20.66 20.45 20.31 20.25 20.29 20.41 20.63 20.96 21.50 22.63 24.22 25.97 27.81 29.72 31.67 33.63 35.57 37.45 39.30 41.55 43.86 45.57 47.04 48.63 51.23 54.53 57.93 61.07 64.04 66.68 68.11 69.10 70.15
-999.00 -999.00 -999.00 -999.00 -999.00 -999.00 -999.00 -999.00 -999.00 -999.00 -999.00 -137.61 -136.74 -135.97 35.36 34.93 34.66 34.47 34.30 34.10 33.85 33.54 33.15 32.67 32.10 31.45 30.72 29.92 29.06 28.13 27.16 26.16 25.14 24.12 23.11 22.13 21.19 20.35 19.66 19.24 18.97 18.79 18.68 18.67 18.77 18.96 19.23 19.59 20.05 21.26 22.96 24.76 26.64 28.60 30.61 32.67 34.77 36.96 39.35 41.96 44.24 45.50 46.66 48.09 50.62 53.53 57.03 59.59 61.77 63.72 64.50 65.05 65.73
-999.00 -999.00 -999.00 -999.00 -999.00 -999.00 -999.00 -999.00 -999.00 -999.00 -999.00 -999.00 -135.39 -134.68 -134.11 33.65 33.29 32.99 32.71 32.43 32.11 31.75 31.33 30.83 30.25 29.60 28.86 28.06 27.20 26.27 25.30 24.29 23.29 22.29 21.30 20.34 19.46 18.72 18.15 17.76 17.49 17.31 17.20 17.23 17.41 17.70 18.09 18.58 19.30 20.45 22.00 23.74 25.61 27.59 29.67 31.84 34.11 36.54 39.37 42.76 45.77 47.27 47.95 48.88 50.62 52.47 55.11 57.34 58.84 59.90 60.46 60.80 61.14
-999.00 -999.00 -999.00 -999.00 -999.00 -999.00 -999.00 -999.00 -999.00 -999.00 -999.00 -999.00 -999.00 -999.00 -132.88 -132.40 -131.98 -131.61 -131.24 30.89 30.51 30.10 29.65 29.13 28.54 27.87 27.14 26.34 25.47 24.55 23.57 22.57 21.57 20.62 19.67 18.73 17.86 17.22 16.78 16.45 16.21 16.02 15.89 15.93 16.24 16.65 17.15 17.77 18.62 19.75 21.18 22.83 24.66 26.64 28.77 31.04 33.46 36.04 38.93 43.25 47.86 49.00 49.69 50.02 50.95 51.84 53.10 54.76 55.61 55.96 56.26 56.56 56.91
-999.00 -999.00 -999.00 -999.00 -999.00 -999.00 -999.00 -999.00 -999.00 -999.00 -999.00 -999.00 -999.00 -999.00 -999.00 -999.00 -999.00 -999.00 -129.88 -129.46 -129.03 28.58 28.09 27.56 26.95 26.28 25.55 24.75 23.89 22.98 22.01 21.00 20.01 19.14 18.27 17.38 16.50 15.96 15.60 15.34 15.14 14.97 14.85 14.90 15.30 15.79 16.36 17.07 17.95 19.06 20.41 21.97 23.73 25.68 27.83 30.18 32.73 35.50 38.68 42.42 45.98 48.55 49.78 50.33 50.78 50.35 50.26 51.04 51.51 51.60 51.89 52.35 53.00
-999.00 -999.00 -999.00 -999.00 -999.00 -999.00 -999.00 -999.00 -999.00 -999.00 -999.00 -999.00 -999.00 -999.00 -999.00 -999.00 -999.00 -999.00 -999.00 -999.00 -127.66 -127.17 -126.65 26.10 25.49 24.81 24.09 23.30 22.46 21.57 20.64 19.66 18.72 17.91 17.11 16.32 15.60 15.05 14.69 14.45 14.28 14.16 14.14 14.27 14.61 15.10 15.70 16.42 17.31 18.38 19.64 21.09 22.76 24.64 26.78 29.17 31.79 34.61 37.59 40.58 43.25 45.33 46.66 47.55 47.74 47.29 46.32 46.12 46.35 46.70 47.28 48.06 49.03
-999.00 -999.00 -999.00 -999.00 -999.00 -999.00 -999.00 -999.00 -999.00 -999.00 -999.00 -999.00 -999.00 -999.00 -999.00 -999.00 -999.00 -999.00 -999.00 -999.00 -999.00 -999.00 -125.31 -124.74 24.13 23.46 22.75 21.98 21.17 20.32 19.44 18.55 17.70 16.91 16.16 15.46 14.84 14.35 13.99 13.75 13.60 13.53 13.57 13.74 14.07 14.53 15.12 15.83 16.68 17.69 18.86 20.19 21.72 23.48 25.55 27.94 30.56 33.30 35.98 38.24 39.92 41.17 42.02 42.54 42.46 41.90 41.10 40.66 40.80 41.49 42.53 43.75 45.04
-999.00 -999.00 -999.00 -999.00 -999.00 -999.00 -999.00 -999.00 -999.00 -999.00 -999.00 -999.00 -999.00 -999.00 -999.00 -999.00 -999.00 -999.00 -999.00 -999.00 -999.00 -999.00 -999.00 -123.49 -122.88 -122.22 21.52 20.79 20.01 19.21 18.39 17.58 16.79 -116.05 -115.36 -114.73 14.18 13.74 13.40 13.18 13.05 13.01 13.08 13.28 13.60 -114.04 -114.60 -115.29 16.09 -117.02 -118.08 19.28 20.64 22.18 24.14 26.50 29.05 31.64 34.09 35.60 36.21 36.56 36.75 36.74 36.37 35.79 35.22 34.79 34.96 36.23 37.83 39.54 41.28
-999.00 -999.00 -999.00 -999.00 -999.00 -999.00 -999.00 -999.00 -999.00 -999.00 -999.00 -999.00 -999.00 -999.00 -999.00 -999.00 -999.00 -999.00 -999.00 -999.00 -999.00 -999.00 -999.00 -999.00 -999.00 -121.09 -120.41 -119.70 -118.96 -118.21 -117.45 -116.70 -115.98 -115.29 -999.00 -114.10 -113.60 -113.20 12.90 12.69 12.58 12.57 12.66 -112.86 -113.18 -113.61 -999.00 -114.78 -115.52 -116.37 -117.32 -118.38 19.58 20.95 22.69 24.89 27.34 29.67 31.49 32.33 32.32 31.83 31.47 31.10 30.39 29.80 29.52 29.27 29.64 31.39 33.42 35.54 37.68
-999.00 -999.00 -999.00 -999.00 -999.00 -999.00 -999.00 -999.00 -999.00 -999.00 -999.00 -999.00 -999.00 -999.00 -999.00 -999.00 -999.00 -999.00 -999.00 -999.00 -999.00 -999.00 -999.00 -999.00 -999.00 -999.00 -999.00 -999.00 -999.00 -999.00 -999.00 -999.00 -999.00 -999.00 -999.00 -999.00 -999.00 -112.72 -112.45 12.26 12.18 12.18 -112.29 -112.49 -999.00 -999.00 -999.00 -999.00 -999.00 -999.00 -999.00 -117.54 18.59 19.80 21.19 23.17 25.56 27.70 28.87 29.06 28.64 27.82 27.02 26.20 25.31 24.86 24.69 24.63 25.46 27.27 29.47 31.83 34.17
-999.00 -999.00 -999.00 -999.00 -999.00 -999.00 -999.00 -999.00 -999.00 -999.00 -999.00 -999.00 -999.00 -999.00 -999.00 -999.00 -999.00 -999.00 -999.00 -999.00 -999.00 -999.00 -999.00 -999.00 -999.00 -999.00 -999.00 -999.00 -999.00 -999.00 -999.00 -999.00 -999.00 -999.00 -999.00 -999.00 -999.00 -999.00 -112.04 -111.88 -111.81 -111.83 -111.94 -999.00 -999.00 -999.00 -999.00 -999.00 -999.00 -999.00 -999.00 -116.76 17.68 18.76 20.02 21.70 23.70 25.67 26.29 25.99 25.36 24.47 23.49 22.41 21.46 21.27 21.07 20.95 22.00 23.97 26.17 28.62 30.98
-999.00 -999.00 -999.00 -999.00 -999.00 -999.00 -999.00 -999.00 -999.00 -999.00 -999.00 -999.00 -999.00 -999.00 -999.00 -999.00 -999.00 -999.00 -999.00 -999.00 -999.00 -999.00 -999.00 -999.00 -999.00 -999.00 -999.00 -999.00 -999.00 -999.00 -999.00 -999.00 -999.00 -999.00 -999.00 -999.00 -999.00 -999.00 -999.00 -999.00 -999.00 -999.00 -999.00 -999.00 -999.00 -999.00 -999.00 -999.00 -999.00 -999.00 -115.43 -116.09 16.86 17.89 18.98 20.27 21.67 22.84 23.29 23.06 22.44 21.59 20.68 19.84 19.23 19.01 18.98 19.29 20.24 21.86 23.86 26.00 28.17
-999.00 -999.00 -999.00 -999.00 -999.00 -999.00 -999.00 -999.00 -999.00 -999.00 -999.00 -999.00 -999.00 -999.00 -999.00 -999.00 -999.00 -999.00 -999.00 -999.00 -999.00 -999.00 -999.00 -999.00 -999.00 -999.00 -999.00 -999.00 -999.00 -999.00 -999.00 -999.00 -999.00 -999.00 -999.00 -999.00 -999.00 -999.00 -999.00 -999.00 -999.00 -999.00 -999.00 -999.00 -999.00 -999.00 -999.00 -999.00 -999.00 -114.38 -115.04 15.69 16.40 17.22 18.03 18.91 19.74 20.33 20.61 20.45 19.97 19.27 18.54 18.00 17.66 17.73 18.04 18.58 19.46 20.70 22.20 23.90 25.72
-999.00 -999.00 -999.00 -999.00 -999.00 -999.00 -999.00 -999.00 -999.00 -999.00 -999.00 -999.00 -999.00 -999.00 -999.00 -999.00 -999.00 -999.00 -999.00 -999.00 -999.00 -999.00 -999.00 -999.00 -999.00 -999.00 -999.00 -999.00 -999.00 -999.00 -999.00 -999.00 -999.00 -999.00 -999.00 -999.00 -999.00 -999.00 -999.00 -999.00 -999.00 -999.00 -999.00 -999.00 -999.00 -999.00 -999.00 -999.00 -999.00 -114.04 14.74 15.45 16.11 16.71 17.28 17.80 18.17 18.28 18.54 18.41 18.10 17.68 17.22 16.83 16.68 17.11 17.69 18.37 19.14 20.00 20.99 22.19 23.61
-999.00 -999.00 -999.00 -999.00 -999.00 -999.00 -999.00 -999.00 -999.00 -999.00 -999.00 -999.00 -999.00 -999.00 -999.00 -999.00 -999.00 -999.00 -999.00 -999.00 -999.00 -999.00 -999.00 -999.00 -999.00 -999.00 -999.00 -999.00 -999.00 -999.00 -999.00 -999.00 -999.00 -999.00 -999.00 -999.00 -999.00 -999.00 -999.00 -999.00 -999.00 -999.00 -999.00 -999.00 -999.00 -999.00 -999.00 -999.00 -999.00 -113.67 14.40 15.22 15.72 16.20 16.64 16.89 17.00 17.06 17.15 17.16 16.90 16.62 16.38 16.28 16.44 16.97 17.74 18.56 19.17 19.66 20.22 20.96 21.92
-999.00 -999.00 -999.00 -999.00 -999.00 -999.00 -999.00 -999.00 -999.00 -999.00 -999.00 -999.00 -999.00 -999.00 -999.00 -999.00 -999.00 -999.00 -999.00 -999.00 -999.00 -999.00 -999.00 -999.00 -999.00 -999.00 -999.00 -999.00 -999.00 -999.00 -999.00 -999.00 -999.00 -999.00 -999.00 -999.00 -999.00 -999.00 -999.00 -999.00 -999.00 -999.00 -999.00 -999.00 -999.00 -999.00 -999.00 -999.00 -999.00 -113.22 -113.89 14.56 15.09 15.57 16.07 16.07 16.00 16.00 16.05 16.08 15.97 15.85 15.82 15.96 16.34 17.00 17.91 19.03 19.39 19.52 19.81 20.26 20.86
-999.00 -999.00 -999.00 -999.00 -999.00 -999.00 -999.00 -999.00 -999.00 -999.00 -999.00 -999.00 -999.00 -999.00 -999.00 -999.00 -999.00 -999.00 -999.00 -999.00 -999.00 -999.00 -999.00 -999.00 -999.00 -999.00 -999.00 -999.00 -999.00 -999.00 -999.00 -999.00 -999.00 -999.00 -999.00 -999.00 -999.00 -999.00 -999.00 -999.00 -999.00 -999.00 -999.00 -999.00 -999.00 -999.00 -999.00 -999.00 -999.00 -999.00 -113.26 -113.81 14.29 14.71 15.03 15.05 14.98 15.00 15.08 15.15 15.18 15.23 15.40 15.73 16.24 16.97 17.88 18.81 19.27 19.43 19.63 20.01 20.56
-999.00 -999.00 -999.00 -999.00 -999.00 -999.00 -999.00 -999.00 -999.00 -999.00 -999.00 -999.00 -999.00 -999.00 -999.00 -999.00 -999.00 -999.00 -999.00 -999.00 -999.00 -999.00 -999.00 -999.00 -999.00 -999.00 -999.00 -999.00 -999.00 -999.00 -999.00 -999.00 -999.00 -999.00 -999.00 -999.00 -999.00 -999.00 -999.00 -999.00 -999.00 -999.00 -999.00 -999.00 -999.00 -999.00 -999.00 -999.00 -999.00 -999.00 -999.00 -113.06 -113.46 13.77 13.96 13.97 13.93 14.08 14.25 14.41 14.57 14.77 15.08 15.52 -116.12 -116.86 17.70 18.50 19.09 19.46 19.69 20.17 20.99
