data/pm25.asc
NCOLS          125       
NROWS          76        
XLLCORNER      72.75     
YLLCORNER      16.75     
CELLSIZE       0.50      
NODATA_VALUE   -999.00   
[rows 32 to 63 of 76, columns 0 to 71 of 125]
-999.00 -138.52 -136.92 -134.75 -132.05 29.47 28.62 30.59 34.25 37.92 41.04 43.78 46.30 48.30 48.98 48.02 46.26 44.66 43.54 42.82 42.37 42.07 41.88 41.76 41.73 41.80 42.00 42.36 42.85 43.45 44.10 44.79 45.47 46.14 46.80 47.44 48.06 48.64 49.19 49.68 50.11 50.47 50.75 50.96 51.10 51.15 51.10 50.87 50.39 49.67 49.07 49.52 51.62 54.57 57.48 60.09 62.28 63.58 62.96 64.00 65.77 66.00 65.30 63.56 59.43 51.83 34.47 39.38 45.79 49.94 51.16 48.97
-999.00 -999.00 -999.00 -136.80 -135.30 -134.15 34.04 35.34 37.69 40.46 43.45 46.86 50.94 55.06 56.69 54.25 50.29 47.14 45.16 43.98 43.29 42.89 42.66 42.55 42.54 42.63 42.83 43.13 43.52 43.99 44.51 45.07 45.63 46.19 46.75 47.30 47.84 48.36 48.85 49.30 49.72 50.09 50.43 50.72 50.97 51.18 51.34 51.44 51.49 51.58 51.92 52.85 54.52 56.76 59.36 62.28 65.23 67.13 67.23 68.40 70.35 71.16 71.24 72.06 73.78 62.44 48.64 48.37 52.90 55.66 55.92 53.29
-999.00 -999.00 -999.00 -138.59 -137.85 -137.43 37.63 38.63 40.33 42.59 45.51 49.51 55.30 62.40 65.70 60.86 53.91 49.15 46.42 44.89 44.03 43.54 43.28 43.16 43.15 43.23 43.41 43.66 43.98 44.36 44.78 45.24 45.71 46.19 46.67 47.15 47.63 48.09 48.54 48.98 49.39 49.79 50.16 50.52 50.86 51.19 51.52 51.85 52.23 52.72 53.45 54.54 56.08 58.06 60.60 64.29 69.82 74.52 74.88 75.49 77.60 78.98 79.02 82.18 103.20 87.64 61.78 58.10 60.39 62.14 61.98 59.26
-999.00 -999.00 -999.00 -140.01 -139.68 -139.62 -139.95 40.79 42.14 44.06 46.77 50.78 56.91 64.84 68.67 63.08 55.26 50.05 47.11 45.48 44.55 44.03 43.74 43.61 43.59 43.66 43.80 44.01 44.28 44.59 44.93 45.31 45.71 46.12 46.54 46.96 47.39 47.82 48.25 48.67 49.09 49.50 49.91 50.32 50.73 51.15 51.60 52.08 52.64 53.33 54.20 55.33 56.74 58.40 60.22 63.61 75.73 93.49 85.57 84.08 89.20 93.11 90.32 87.77 99.70 88.98 71.14 66.96 67.97 69.67 69.66 66.37
-999.00 -999.00 -999.00 -999.00 -140.99 -141.08 -141.46 -142.17 43.28 44.87 47.13 50.40 55.03 60.31 62.55 59.11 53.74 49.69 47.20 45.72 44.86 44.35 44.07 43.94 43.90 43.95 44.06 44.23 44.44 44.69 44.98 45.29 45.63 45.98 46.35 46.73 47.12 47.53 47.94 48.36 48.78 49.21 49.65 50.09 50.56 51.05 51.57 52.14 52.79 53.56 54.46 55.54 56.78 57.96 57.76 53.03 69.95 100.40 90.26 93.80 108.68 124.65 112.45 92.78 86.66 79.91 71.02 69.81 74.29 78.51 79.76 76.80
-999.00 -999.00 -999.00 -999.00 -999.00 -142.07 -142.44 -143.04 -143.94 -145.18 46.88 49.14 51.93 54.57 55.50 53.92 51.13 48.63 46.86 45.71 44.98 44.54 44.28 44.15 44.10 44.13 44.21 44.33 44.50 44.70 44.93 45.19 45.47 45.77 46.10 46.44 46.81 47.19 47.59 48.00 48.43 48.88 49.34 49.82 50.33 50.86 51.43 52.05 52.74 53.51 54.38 55.35 56.39 57.29 57.10 53.80 64.05 78.88 87.14 105.20 141.59 156.02 128.16 96.61 83.36 76.59 64.89 65.10 77.99 88.88 91.69 94.14
-999.00 -999.00 -999.00 -999.00 -999.00 -999.00 -143.08 -143.57 -144.27 -145.19 -146.38 -147.81 49.34 50.59 50.97 50.27 48.91 47.50 46.36 45.54 44.98 44.61 44.39 44.26 44.20 44.20 44.25 44.34 44.46 44.61 44.79 44.99 45.23 45.49 45.77 46.09 46.43 46.79 47.18 47.60 48.04 48.50 48.98 49.49 50.03 50.59 51.19 51.83 52.52 53.27 54.06 54.86 55.59 56.14 56.77 58.92 64.76 73.21 84.44 108.69 176.85 158.23 112.94 92.12 82.43 78.41 74.73 62.86 79.73 95.58 103.12 119.17
-999.00 -999.00 -999.00 -999.00 -999.00 -999.00 -999.00 -999.00 -144.42 -145.08 -145.87 -146.75 -147.59 48.21 48.38 48.04 47.36 46.58 45.88 45.31 44.90 44.61 44.41 44.29 44.22 44.20 44.21 44.26 44.33 44.43 44.56 44.71 44.89 45.11 45.36 45.64 45.96 46.32 46.70 47.12 47.57 48.05 48.56 49.09 49.65 50.23 50.85 51.49 52.17 52.87 53.57 54.18 54.45 53.77 51.63 53.82 61.49 69.12 78.36 93.08 112.94 110.71 94.82 85.15 81.16 81.18 84.01 89.78 101.76 108.64 120.24 146.15
-999.00 -999.00 -999.00 -999.00 -999.00 -999.00 -999.00 -999.00 -999.00 -999.00 -145.45 -145.99 -146.48 46.80 46.89 46.71 46.35 45.90 45.46 45.08 44.78 44.55 44.38 44.26 44.18 44.13 44.10 44.10 44.12 44.16 44.23 44.33 44.46 44.63 44.84 45.10 45.40 45.75 46.14 46.56 47.02 47.52 48.05 48.61 49.19 49.80 50.42 51.06 51.72 52.38 53.00 53.46 53.40 51.47 43.22 44.13 57.51 64.77 71.06 78.01 83.92 84.64 81.53 79.18 79.39 82.65 89.82 103.40 121.67 121.85 131.94 178.03
-999.00 -999.00 -999.00 -999.00 -999.00 -999.00 -999.00 -999.00 -999.00 -999.00 -999.00 -145.48 -145.77 45.95 46.00 45.90 45.69 45.42 45.14 44.87 44.64 44.45 44.30 44.17 44.07 43.99 43.92 43.86 43.82 43.80 43.80 43.83 43.90 44.02 44.19 44.42 44.72 45.07 45.46 45.90 46.38 46.89 47.45 48.03 48.64 49.27 49.91 50.55 51.19 51.82 52.38 52.81 52.83 51.77 48.83 50.16 56.42 61.00 64.79 68.38 71.25 72.69 73.22 74.26 76.92 82.00 90.54 103.74 117.13 119.04 128.76 161.94
-999.00 -999.00 -999.00 -999.00 -999.00 -999.00 -999.00 -999.00 -999.00 -999.00 -999.00 -145.14 -145.31 -145.42 45.44 45.38 45.25 45.07 44.88 44.68 44.50 44.34 44.18 44.05 43.92 43.79 43.67 43.55 43.44 43.34 43.25 43.20 43.20 43.25 43.38 43.60 43.91 44.28 44.70 45.15 45.63 46.15 46.73 47.35 47.99 48.66 49.32 49.97 50.60 51.20 51.74 52.18 52.43 52.42 52.39 53.40 55.42 57.40 59.33 61.47 63.59 65.38 67.14 69.64 73.65 79.67 88.34 102.24 118.32 112.87 115.35 125.74
-999.00 -999.00 -999.00 -999.00 -999.00 -999.00 -999.00 -999.00 -999.00 -999.00 -144.76 -144.90 -145.01 -145.08 45.09 45.04 44.95 44.82 44.68 44.52 44.36 44.20 44.05 43.89 43.72 43.55 43.36 43.17 42.96 42.76 42.57 42.42 42.31 42.29 42.37 42.59 42.96 43.44 43.92 44.35 44.78 45.29 45.87 46.53 47.22 47.94 48.64 49.32 49.95 50.53 51.05 51.49 51.84 52.11 52.40 52.81 53.15 53.15 53.31 54.91 57.35 59.42 61.46 64.48 69.57 77.31 85.81 100.70 144.71 108.56 102.58 106.15
-999.00 -999.00 -999.00 -999.00 -999.00 -999.00 -999.00 -999.00 -999.00 -999.00 -144.65 -144.75 -144.81 -144.85 44.85 44.81 44.73 44.63 44.51 44.37 44.23 44.07 43.90 43.71 43.50 43.27 43.00 42.71 42.38 42.05 41.72 41.43 41.19 41.06 41.07 41.32 41.88 42.72 43.46 43.74 43.91 44.27 44.83 45.51 46.28 47.09 47.87 48.60 49.25 49.82 50.31 50.72 51.04 51.26 51.36 51.17 50.25 47.52 43.06 45.72 51.21 53.65 55.01 57.48 63.67 76.50 90.71 86.69 93.44 93.06 92.01 94.74
-999.00 -999.00 -999.00 -999.00 -999.00 -999.00 -999.00 -999.00 -999.00 -999.00 -144.58 -144.64 -144.68 -144.69 44.68 44.64 44.58 44.49 44.38 44.25 44.10 43.93 43.74 43.51 43.25 42.95 42.59 42.17 41.70 41.19 40.67 40.18 39.77 39.47 39.36 39.61 40.57 42.54 44.44 43.90 43.05 43.04 43.48 44.20 45.09 46.06 46.99 47.81 48.50 49.08 49.53 49.89 50.13 50.23 50.11 49.53 47.78 42.22 23.74 32.66 45.94 47.92 46.92 46.01 52.81 67.15 76.52 76.63 79.94 86.98 86.04 84.01
-999.00 -999.00 -999.00 -999.00 -999.00 -999.00 -999.00 -999.00 -999.00 -999.00 -999.00 -144.56 -144.58 -144.58 -144.56 44.52 44.46 44.37 44.26 44.13 43.98 43.79 43.58 43.31 43.00 42.61 42.14 41.57 40.90 40.13 39.33 38.58 37.94 37.42 37.03 37.07 38.32 42.04 46.85 44.33 41.84 41.35 41.59 42.31 43.45 44.76 45.97 46.97 47.74 48.32 48.75 49.04 49.20 49.19 48.95 48.25 46.63 42.77 35.68 38.44 43.27 42.64 37.37 31.09 38.64 62.55 74.55 77.93 84.59 101.32 88.32 77.54
-999.00 -999.00 -999.00 -999.00 -999.00 -999.00 -999.00 -999.00 -999.00 -999.00 -999.00 -144.51 -144.52 -144.51 -144.48 -144.43 44.37 44.28 44.17 44.03 43.87 43.67 43.42 43.12 42.75 42.28 41.68 40.93 39.98 38.84 37.60 36.43 35.54 34.80 33.94 33.16 33.66 36.94 41.14 40.65 39.38 38.84 38.57 39.17 40.94 43.06 44.82 46.09 46.97 47.57 47.97 48.20 48.28 48.21 47.91 47.28 46.14 44.33 42.42 41.66 40.89 38.46 31.90 25.88 45.11 64.52 87.16 84.23 85.64 102.67 85.22 71.49
-999.00 -999.00 -999.00 -999.00 -999.00 -999.00 -999.00 -999.00 -999.00 -999.00 -999.00 -999.00 -144.47 -144.45 -144.42 -144.37 -144.30 -144.21 -144.09 -143.95 43.77 43.56 43.29 42.95 42.52 41.97 41.24 40.28 38.99 37.30 35.26 33.30 32.16 31.62 30.28 27.75 25.97 27.97 32.20 34.99 36.01 35.29 33.08 32.89 36.77 40.88 43.59 45.24 46.24 46.85 47.21 47.37 47.39 47.26 46.95 46.41 45.53 44.25 42.51 39.90 36.77 33.72 30.13 32.66 45.64 57.08 78.03 89.48 81.51 76.12 71.14 63.76
-999.00 -999.00 -999.00 -999.00 -999.00 -999.00 -999.00 -999.00 -999.00 -999.00 -999.00 -999.00 -999.00 -999.00 -144.37 -144.32 -144.24 -144.15 -144.03 -143.88 -143.70 -143.47 43.18 42.82 42.34 41.72 40.88 39.72 38.06 35.63 32.19 28.26 26.69 27.93 27.02 22.30 16.99 18.83 25.00 30.27 33.01 31.42 23.57 20.08 30.87 38.73 42.56 44.53 45.60 46.19 46.48 46.55 46.48 46.29 45.99 45.52 44.77 43.59 41.62 37.43 29.35 29.54 25.34 33.16 41.32 50.85 55.70 53.68 62.42 62.98 61.08 57.10
-999.00 -999.00 -999.00 -999.00 -999.00 -999.00 -999.00 -999.00 -999.00 -999.00 -999.00 -999.00 -999.00 -999.00 -999.00 -999.00 -999.00 -999.00 -143.98 -143.83 -143.64 -143.41 -143.11 -142.72 42.22 41.56 40.65 39.36 37.43 34.37 29.27 21.63 18.29 24.26 25.60 20.68 14.87 15.90 19.54 27.11 31.48 30.15 20.45 15.46 29.18 38.07 42.10 44.07 45.10 45.60 45.77 45.71 45.49 45.21 44.94 44.58 43.98 42.96 41.27 38.47 35.22 31.84 31.86 36.41 38.95 45.25 46.28 37.16 47.30 53.81 54.00 51.89
-999.00 -999.00 -999.00 -999.00 -999.00 -999.00 -999.00 -999.00 -999.00 -999.00 -999.00 -999.00 -999.00 -999.00 -999.00 -999.00 -999.00 -999.00 -999.00 -999.00 -143.61 -143.37 -143.07 -142.68 -142.18 41.51 40.60 39.30 37.36 34.28 29.11 21.30 17.85 24.21 26.54 23.69 20.16 18.39 19.51 27.22 31.91 32.35 29.31 28.64 34.15 39.30 42.28 43.89 44.73 -145.10 -145.11 44.81 44.27 43.73 43.55 43.51 43.17 42.38 41.11 39.38 37.38 35.25 33.23 28.49 37.56 49.57 45.43 43.16 45.36 48.02 48.46 47.14
-999.00 -999.00 -999.00 -999.00 -999.00 -999.00 -999.00 -999.00 -999.00 -999.00 -999.00 -999.00 -999.00 -999.00 -999.00 -999.00 -999.00 -999.00 -999.00 -999.00 -999.00 -999.00 -143.07 -142.69 -142.21 -141.58 -140.72 -139.55 -137.86 35.40 31.85 27.77 -126.24 -128.22 -129.13 -127.82 -125.99 -125.05 26.52 30.53 33.81 35.19 35.36 36.15 -138.43 -140.93 -142.76 -143.89 -144.49 -144.69 -144.50 -143.87 42.60 40.95 41.10 42.17 42.30 41.74 40.72 39.26 37.45 35.52 32.73 26.44 34.86 43.18 42.72 41.23 40.72 42.39 43.48 42.42
-999.00 -999.00 -999.00 -999.00 -999.00 -999.00 -999.00 -999.00 -999.00 -999.00 -999.00 -999.00 -999.00 -999.00 -999.00 -999.00 -999.00 -999.00 -999.00 -999.00 -999.00 -999.00 -999.00 -142.75 -142.31 -141.73 -140.99 -140.00 -138.69 -136.97 -134.90 -132.95 -132.04 -132.18 -132.20 -131.60 -130.89 -130.83 -131.98 34.10 36.14 37.53 -138.45 -139.45 -140.77 -142.14 -143.25 -143.98 -144.36 -144.39 -144.05 -143.12 -140.81 35.30 36.60 40.82 41.43 40.96 40.06 38.48 35.75 32.39 32.01 33.24 35.65 37.90 37.84 32.75 26.46 34.99 38.80 37.87
-999.00 -999.00 -999.00 -999.00 -999.00 -999.00 -999.00 -999.00 -999.00 -999.00 -999.00 -999.00 -999.00 -999.00 -999.00 -999.00 -999.00 -999.00 -999.00 -999.00 -999.00 -999.00 -999.00 -999.00 -999.00 -141.96 -141.34 -140.56 -139.59 -138.44 -137.21 -136.13 -135.46 -135.18 -999.00 -134.71 -134.55 -134.80 -135.63 -136.89 38.21 -139.33 -140.27 -141.16 -142.07 -142.93 -999.00 -144.09 -144.30 -144.23 -143.83 -142.92 -140.92 37.09 37.82 40.44 40.54 39.83 39.19 37.72 33.18 21.58 23.89 31.80 33.07 33.60 33.76 27.21 17.87 30.28 34.84 35.14
-999.00 -999.00 -999.00 -999.00 -999.00 -999.00 -999.00 -999.00 -999.00 -999.00 -999.00 -999.00 -999.00 -999.00 -999.00 -999.00 -999.00 -999.00 -999.00 -999.00 -999.00 -999.00 -999.00 -999.00 -999.00 -999.00 -999.00 -999.00 -999.00 -999.00 -999.00 -999.00 -999.00 -999.00 -999.00 -999.00 -999.00 -137.48 -138.10 -138.93 -139.84 -140.70 -141.47 -142.19 -999.00 -999.00 -999.00 -999.00 -999.00 -999.00 -999.00 -143.10 -141.97 40.75 40.41 40.41 39.45 37.63 37.75 37.86 34.17 25.69 26.10 27.70 27.76 31.54 30.69 24.89 25.19 28.21 28.80 33.04
-999.00 -999.00 -999.00 -999.00 -999.00 -999.00 -999.00 -999.00 -999.00 -999.00 -999.00 -999.00 -999.00 -999.00 -999.00 -999.00 -999.00 -999.00 -999.00 -999.00 -999.00 -999.00 -999.00 -999.00 -999.00 -999.00 -999.00 -999.00 -999.00 -999.00 -999.00 -999.00 -999.00 -999.00 -999.00 -999.00 -999.00 -999.00 -139.82 -140.41 -141.07 -141.72 -142.33 -999.00 -999.00 -999.00 -999.00 -999.00 -999.00 -999.00 -999.00 -143.31 -142.40 41.23 40.14 39.81 38.96 36.32 36.89 39.25 37.82 34.68 31.83 23.72 18.39 29.62 28.92 19.60 22.24 21.17 18.33 30.85
-999.00 -999.00 -999.00 -999.00 -999.00 -999.00 -999.00 -999.00 -999.00 -999.00 -999.00 -999.00 -999.00 -999.00 -999.00 -999.00 -999.00 -999.00 -999.00 -999.00 -999.00 -999.00 -999.00 -999.00 -999.00 -999.00 -999.00 -999.00 -999.00 -999.00 -999.00 -999.00 -999.00 -999.00 -999.00 -999.00 -999.00 -999.00 -999.00 -999.00 -999.00 -999.00 -999.00 -999.00 -999.00 -999.00 -999.00 -999.00 -999.00 -999.00 -144.13 -143.54 -142.51 40.43 36.21 36.87 39.76 39.77 41.04 42.99 42.07 39.73 36.68 31.49 29.43 31.40 30.85 27.76 26.45 21.42 27.47 32.45
-999.00 -999.00 -999.00 -999.00 -999.00 -999.00 -999.00 -999.00 -999.00 -999.00 -999.00 -999.00 -999.00 -999.00 -999.00 -999.00 -999.00 -999.00 -999.00 -999.00 -999.00 -999.00 -999.00 -999.00 -999.00 -999.00 -999.00 -999.00 -999.00 -999.00 -999.00 -999.00 -999.00 -999.00 -999.00 -999.00 -999.00 -999.00 -999.00 -999.00 -999.00 -999.00 -999.00 -999.00 -999.00 -999.00 -999.00 -999.00 -999.00 -144.71 -144.55 -143.99 -142.78 40.64 31.40 33.15 41.07 43.71 47.04 51.87 48.61 43.76 41.45 34.51 31.82 32.93 32.99 32.06 31.18 30.71 31.88 33.36
-999.00 -999.00 -999.00 -999.00 -999.00 -999.00 -999.00 -999.00 -999.00 -999.00 -999.00 -999.00 -999.00 -999.00 -999.00 -999.00 -999.00 -999.00 -999.00 -999.00 -999.00 -999.00 -999.00 -999.00 -999.00 -999.00 -999.00 -999.00 -999.00 -999.00 -999.00 -999.00 -999.00 -999.00 -999.00 -999.00 -999.00 -999.00 -999.00 -999.00 -999.00 -999.00 -999.00 -999.00 -999.00 -999.00 -999.00 -999.00 -999.00 -145.10 -145.30 -145.20 43.20 42.45 40.20 40.61 43.73 46.81 52.11 64.27 53.58 45.47 40.33 33.88 29.48 33.40 34.09 33.64 33.21 33.02 32.99 32.62
-999.00 -999.00 -999.00 -999.00 -999.00 -999.00 -999.00 -999.00 -999.00 -999.00 -999.00 -999.00 -999.00 -999.00 -999.00 -999.00 -999.00 -999.00 -999.00 -999.00 -999.00 -999.00 -999.00 -999.00 -999.00 -999.00 -999.00 -999.00 -999.00 -999.00 -999.00 -999.00 -999.00 -999.00 -999.00 -999.00 -999.00 -999.00 -999.00 -999.00 -999.00 -999.00 -999.00 -999.00 -999.00 -999.00 -999.00 -999.00 -999.00 -145.46 -146.00 -146.95 45.57 44.66 44.77 45.05 46.21 48.66 53.78 60.54 53.69 45.86 40.61 36.67 34.57 34.77 34.33 33.27 33.12 33.14 32.57 31.02
-999.00 -999.00 -999.00 -999.00 -999.00 -999.00 -999.00 -999.00 -999.00 -999.00 -999.00 -999.00 -999.00 -999.00 -999.00 -999.00 -999.00 -999.00 -999.00 -999.00 -999.00 -999.00 -999.00 -999.00 -999.00 -999.00 -999.00 -999.00 -999.00 -999.00 -999.00 -999.00 -999.00 -999.00 -999.00 -999.00 -999.00 -999.00 -999.00 -999.00 -999.00 -999.00 -999.00 -999.00 -999.00 -999.00 -999.00 -999.00 -999.00 -145.66 -146.02 -146.22 -146.11 46.42 47.52 47.52 48.15 49.40 52.38 56.23 50.53 43.82 39.74 37.54 36.55 35.61 33.87 30.63 31.67 32.41 31.60 29.87
-999.00 -999.00 -999.00 -999.00 -999.00 -999.00 -999.00 -999.00 -999.00 -999.00 -999.00 -999.00 -999.00 -999.00 -999.00 -999.00 -999.00 -999.00 -999.00 -999.00 -999.00 -999.00 -999.00 -999.00 -999.00 -999.00 -999.00 -999.00 -999.00 -999.00 -999.00 -999.00 -999.00 -999.00 -999.00 -999.00 -999.00 -999.00 -999.00 -999.00 -999.00 -999.00 -999.00 -999.00 -999.00 -999.00 -999.00 -999.00 -999.00 -999.00 -146.13 -146.44 -146.90 -147.75 48.63 50.02 51.15 50.52 49.89 48.80 43.96 39.46 35.89 -135.15 -136.84 -136.00 -134.22 32.00 31.79 31.28 29.85 28.76
-999.00 -999.00 -999.00 -999.00 -999.00 -999.00 -999.00 -999.00 -999.00 -999.00 -999.00 -999.00 -999.00 -999.00 -999.00 -999.00 -999.00 -999.00 -999.00 -999.00 -999.00 -999.00 -999.00 -999.00 -999.00 -999.00 -999.00 -999.00 -999.00 -999.00 -999.00 -999.00 -999.00 -999.00 -999.00 -999.00 -999.00 -999.00 -999.00 -999.00 -999.00 -999.00 -999.00 -999.00 -999.00 -999.00 -999.00 -999.00 -999.00 -999.00 -999.00 -147.06 -148.05 -149.72 52.32 55.84 57.74 53.86 -149.79 -146.72 -143.01 -140.12 -137.63 -136.72 -137.21 -136.33 -134.81 -133.04 -131.02 29.22 26.75 25.51
